(0,**,0,0)
(0,step,1,0)
(0,0,2,0)
(0,**,3,0)
(0,java,4,0)
(0,file,5,0)
(0,must,6,0)
(0,be,7,0)
(0,in,8,0)
(0,the,9,0)
(0,same,10,0)
(0,directory,11,0)
(0,as,12,0)
(0,the,13,0)
(0,files,14,0)
(0,searching,15,0)
(0,for,16,0)
(0,**,17,0)
(0,step,18,0)
(0,1,19,0)
(0,**,20,0)
(0,the,21,0)
(0,file/directory,22,0)
(0,searcher,23,0)
(0,is,24,0)
(0,a,25,0)
(0,depth-first,26,0)
(0,search,27,0)
(0,rather,28,0)
(0,than,29,0)
(0,breadth-first,30,0)
(0,**,31,0)
(0,step,32,0)
(0,2,33,0)
(0,**,34,0)
(0,you,35,0)
(0,must,36,0)
(0,specify,37,0)
(0,the,38,0)
(0,path,39,0)
(0,of,40,0)
(0,the,41,0)
(0,input,42,0)
(0,file,43,0)
(1,<body>,44,0)
(1,<a,45,0)
(1,href=google.com></a>,46,0)
(1,</body>,47,0)
(2,<head>,48,0)
(2,<h1>hello</h1>,49,0)
(2,</head>,50,0)
(4,hello,51,0)
(4,this,52,0)
(4,is,53,0)
(4,a,54,0)
(4,text,55,0)
(4,doc,56,0)
(4,every,57,0)
(4,white,58,0)
(4,space,59,0)
(4,including,60,0)
(4,tabs,61,0)
(4,and,62,0)
(4,new,63,0)
(4,line,64,0)
(4,will,65,0)
(4,be,66,0)
(4,ommited,67,0)
(4,this,68,0)
(4,is,69,0)
(4,a,70,0)
(4,date,,71,0)
(4,12/16/16,72,0)
(4,but,73,0)
(4,this,74,0)
(4,is,75,0)
(4,considered,76,0)
(4,as,77,0)
(4,different,78,0)
(4,numbers,,79,0)
(4,(1,80,0)
(4,+,81,0)
(4,2).,82,0)
(4,and,83,0)
(4,here,84,0)
(4,is,85,0)
(4,just,86,0)
(4,an,87,0)
(4,example,88,0)
(4,of,89,0)
(4,stopwords,90,0)
(4,here,91,0)
(4,just,92,0)
(4,example,93,0)
(4,stopwords,94,0)
(4,start,95,0)
(4,stopwords,96,0)
(4,i,97,0)
(4,a,98,0)
(4,about,99,0)
(4,an,100,0)
(4,are,101,0)
(4,as,102,0)
(4,at,103,0)
(4,be,104,0)
(4,by,105,0)
(4,com,106,0)
(4,en,107,0)
(4,for,108,0)
(4,from,109,0)
(4,how,110,0)
(4,in,111,0)
(4,is,112,0)
(4,it,113,0)
(4,of,114,0)
(4,on,115,0)
(4,or,116,0)
(4,that,117,0)
(4,the,118,0)
(4,this,119,0)
(4,to,120,0)
(4,was,121,0)
(4,what,122,0)
(4,when,123,0)
(4,where,124,0)
(4,who,125,0)
(4,will,126,0)
(4,with,127,0)
(4,www,128,0)
(4,end,129,0)
(4,start,130,0)
(4,stemming,131,0)
(4,tries,132,0)
(4,(try),133,0)
(4,freebies,134,0)
(4,honeies,135,0)
(4,romaies,136,0)
(4,tastes,137,0)
(4,(taste),138,0)
(4,sees,139,0)
(4,does,140,0)
(4,raes,141,0)
(4,algorithms,142,0)
(4,(algorithm),143,0)
(4,bus,144,0)
(4,hiss,145,0)
